image number: 0
rvecs_PNP[0.008669945141547328, 0.9211980817492934, -0.3889973344801537;
 -0.995980130530555, 0.04263845207169571, 0.07877526257187659;
 0.08915386497275912, 0.3867506387665723, 0.9178646587455401]
tvecs_PNP[-83.07036561077264;
 49.80555762071778;
 154.5629398973317]

image number: 1
rvecs_PNP[0.05704101736744237, 0.9969618045065284, -0.05304227269616395;
 -0.9966242599013745, 0.06000289868081122, 0.0560333536916901;
 0.05904580352340778, 0.04966701626821755, 0.9970189469520064]
tvecs_PNP[-76.7427409274374;
 52.87791164500715;
 177.8965736099091]

image number: 2
rvecs_PNP[0.08929441619820509, 0.8944197687779194, -0.4382234412432484;
 -0.9940036182751593, 0.05214574777878415, -0.09611257901275255;
 -0.06311350165941437, 0.4441780028410282, 0.8937128105272086]
tvecs_PNP[-49.04133701590749;
 27.2689634365137;
 190.1613337247687]

image number: 3
rvecs_PNP[0.06433092916051238, 0.9093103789710474, -0.4111157577238741;
 -0.9577839852458957, 0.1719329628996585, 0.2304102729372851;
 0.2801988029236291, 0.3789375818839754, 0.8819835258530004]
tvecs_PNP[-50.71453609134588;
 33.52642125215947;
 179.8097867693663]

image number: 4
rvecs_PNP[0.1144779147910154, 0.987253378434381, -0.1105693166977252;
 -0.9336456500375369, 0.1449475604153116, 0.3275606888740389;
 0.3394121494453113, 0.06573409693264542, 0.9383381167305116]
tvecs_PNP[-53.56805108862299;
 44.21849729558919;
 193.1985798138046]

image number: 5
rvecs_PNP[0.1152745090934479, 0.9804255637462393, 0.1596167331645817;
 -0.9466380973437212, 0.05973983538290652, 0.3167135373265291;
 0.3009785710158185, -0.1876082781257051, 0.9349946704489733]
tvecs_PNP[-60.79473200889527;
 42.86154892195749;
 216.6578937819564]

image number: 6
rvecs_PNP[0.168437392747185, 0.8412662578523142, 0.5137119116038618;
 -0.9572170907991053, 0.0151949830224263, 0.288971544573242;
 0.2352961661536958, -0.5404074350803396, 0.8078338432519776]
tvecs_PNP[-50.67245275230559;
 32.25102760875075;
 240.0018999372504]

image number: 7
rvecs_PNP[0.2166655930023843, 0.8730664768626447, 0.4368191247960351;
 -0.9351462386068198, 0.05714598920880336, 0.3496224368327412;
 0.2802811681659007, -0.4842409141078398, 0.8288264015314434]
tvecs_PNP[-63.03481186514765;
 31.75792022594975;
 196.1010058122145]

image number: 8
rvecs_PNP[0.05065713684197067, 0.9906698210759616, -0.1265194060067316;
 -0.9285230779055446, 0.09337123324541698, 0.3593420468008774;
 0.3678025941776212, 0.09927294904228573, 0.9245897107932035]
tvecs_PNP[-81.55880585745747;
 25.16913652443649;
 143.8815294164531]

image number: 9
rvecs_PNP[0.001686657101386838, 0.9001387171202663, -0.435600097714525;
 -0.9488463556559587, 0.1389745742004896, 0.2835077795832044;
 0.3157336671092085, 0.4128393848300741, 0.8543277437768821]
tvecs_PNP[-68.47388777205803;
 25.23154677395367;
 123.2287283716901]

image number: 10
rvecs_PNP[-0.02655794997601328, 0.830725129475045, -0.5560489497802698;
 -0.9699877849978565, 0.1130759746279276, 0.2152615175011454;
 0.2416989289343734, 0.5450775937613044, 0.802790162203899]
tvecs_PNP[-40.80649067494144;
 33.53620840052317;
 127.822780625367]

image number: 11
rvecs_PNP[0.2653926811788202, 0.9510057863873224, -0.1586023929029701;
 -0.8166373943399233, 0.1342832317415986, -0.5613121946285624;
 -0.5125135031805681, 0.2784887931872, 0.8122646743067923]
tvecs_PNP[-53.98044361374851;
 35.70920165012527;
 188.0460256977054]

image number: 12
rvecs_PNP[0.05118165354667615, 0.9908503517105199, 0.1248840216175265;
 -0.9980722756982586, 0.0463533081422938, 0.04126867221955078;
 0.03510229084728196, -0.1267554785380276, 0.9913127043662198]
tvecs_PNP[-80.48591631069314;
 49.44433375452744;
 186.4034561075991]

image number: 13
rvecs_PNP[0.06655939416642438, 0.9976972866423386, 0.0130373031994227;
 -0.8310866419535892, 0.06266535266441488, -0.5526011646221451;
 -0.5521456697416953, 0.02594567019677146, 0.8333438555503576]
tvecs_PNP[-68.53777444217909;
 37.44804502939203;
 182.5359572957655]

image number: 14
rvecs_PNP[-0.1619809630239116, 0.9162187750847495, 0.3664769075945271;
 -0.8355098589007983, 0.07026711049167991, -0.5449640436420722;
 -0.5250575618895652, -0.394468869957252, 0.7541278852669714]
tvecs_PNP[-85.09670248585448;
 28.82975309446457;
 210.4257138620896]

image number: 15
rvecs_PNP[0.00890917826238485, 0.9466532591675884, 0.3221307707283977;
 -0.9975580479227938, 0.03073029074756799, -0.06271834065913076;
 -0.06927169383777107, -0.3207853739464323, 0.9446153589132951]
tvecs_PNP[-85.32875898465539;
 39.73026363830656;
 217.1673821330315]

image number: 16
rvecs_PNP[0.05697062640306721, 0.974448635348554, 0.2172652866764114;
 -0.9970916234527039, 0.04449939837281251, 0.06187162503853598;
 0.05062254604120187, -0.2201582626471212, 0.9741497303908203]
tvecs_PNP[-85.53375777670682;
 47.69484342405941;
 207.5933635877233]

image number: 17
rvecs_PNP[0.03614314695580693, 0.9923156906361126, -0.1183352992369823;
 -0.9895526026901593, 0.0520745984744327, 0.1344391412604921;
 0.1395683325015488, 0.1122399497108842, 0.983830714224574]
tvecs_PNP[-101.2203268088689;
 44.76406746057328;
 172.9721389581904]

image number: 18
rvecs_PNP[0.04268650168911717, 0.9282524052594048, -0.369493348659586;
 -0.9907498739984344, 0.08701107203027066, 0.1041333784923412;
 0.1288120714282289, 0.3616303989908376, 0.9233801518226912]
tvecs_PNP[-54.67059473057289;
 34.60872704106288;
 142.7472057313728]

image number: 19
rvecs_PNP[0.06862725262823149, 0.9101069157111952, -0.40865107631249;
 -0.9073766005302204, 0.2272017949904451, 0.3536199218982732;
 0.4146781945158462, 0.3465324607129545, 0.841401954279465]
tvecs_PNP[-54.73573576511561;
 23.89650834652715;
 135.0477859266784]

image number: 20
rvecs_PNP[0.1811934775777226, 0.9737546622718309, -0.1377344596938754;
 -0.8747311031477947, 0.2235824017021638, 0.4299493072850968;
 0.4494601438049137, 0.0425766057003695, 0.8922851628139411]
tvecs_PNP[-80.99232711992236;
 11.32080242007464;
 146.3212303472006]

image number: 21
rvecs_PNP[0.0750872331159346, 0.8733238566592406, 0.4813183445629549;
 -0.9320812072745422, -0.1100694255497236, 0.345122216909873;
 0.3543818991831057, -0.4745420560382229, 0.8057439460414152]
tvecs_PNP[-79.38604914801068;
 41.93116453000873;
 177.0501087129298]

image number: 22
rvecs_PNP[0.002423505433657658, 0.8160078328961365, 0.5780357629710848;
 -0.9757839632852791, -0.1245007810850793, 0.179847748121789;
 0.2187230751811211, -0.5644738897073596, 0.7959456289357695]
tvecs_PNP[-72.88913998728;
 50.5411054284972;
 195.6850459119923]

image number: 23
rvecs_PNP[0.02115329412943012, 0.8340402490868563, 0.5512979240398139;
 -0.9995977626556817, 0.0280624532077015, -0.004100196790511434;
 -0.01889050134933362, -0.5509894387582218, 0.8342983802787047]
tvecs_PNP[-62.36565875289876;
 41.93904643881131;
 230.2923424784196]

image number: 24
rvecs_PNP[-0.08367560524979512, 0.840762883143875, 0.5348982776319994;
 -0.9938027527065229, -0.03099152868691755, -0.1067502405739022;
 -0.07317432472540134, -0.5405157717192413, 0.8381457025623499]
tvecs_PNP[-79.07661433493779;
 51.01063404758226;
 214.9709189688953]

image number: 25
rvecs_PNP[-0.07658179708398656, 0.9052585558136581, 0.4179021123200466;
 -0.9183256966895059, 0.09920858563273256, -0.3831912986179175;
 -0.3883466790834195, -0.4131157267194297, 0.8237246221777985]
tvecs_PNP[-64.96016962232004;
 43.12891897689513;
 241.3980978408376]

image number: 26
rvecs_PNP[0.03768834031636141, 0.9954963124362711, -0.08698667099035547;
 -0.9647867229854211, 0.01357241487734202, -0.2626830194463465;
 -0.2603193580109833, 0.09382367228041932, 0.960953146810273]
tvecs_PNP[-70.42083326523863;
 54.21776281366249;
 188.1120973850876]

image number: 27
rvecs_PNP[0.06063997978348315, 0.9206695315161442, -0.3856039504332165;
 -0.9696591385207847, -0.03732068494726608, -0.2415953674187415;
 -0.2368204972864227, 0.3885547325833398, 0.8904724992115708]
tvecs_PNP[-67.67093795615722;
 70.41669912965223;
 190.7693598478342]

image number: 28
rvecs_PNP[0.08852699458366801, 0.8590669306004297, -0.5041497594750393;
 -0.9826330937704666, 0.158186439896085, 0.09700130545556532;
 0.1630802693677711, 0.4868070038339208, 0.8581513658796893]
tvecs_PNP[-46.0414642338262;
 31.44332132046739;
 166.0212026250818]

image number: 29
rvecs_PNP[0.03722301805375883, 0.9828758811207686, -0.1804700785117633;
 -0.933111110464193, 0.09882163777986791, 0.3457425912941376;
 0.3576564027879972, 0.1555290526479765, 0.9208108444882548]
tvecs_PNP[-71.66774674669441;
 30.6429170165693;
 186.4671756010484]

image number: 30
rvecs_PNP[0.06880154186139598, 0.9976273223934593, -0.002464437370056749;
 -0.9433735112427006, 0.0658630825502198, 0.325128394088552;
 0.3245192846705916, -0.02004444988118381, 0.9456666716691711]
tvecs_PNP[-91.76133295410435;
 33.18922514030748;
 144.4918223352721]

image number: 31
rvecs_PNP[0.001479691826074894, 0.8640782292274581, 0.5033553658075378;
 -0.985926850455518, -0.08288589409432695, 0.1451832432171385;
 0.1671707392546991, -0.4964863969287824, 0.8517952815094204]
tvecs_PNP[-70.60314785065077;
 38.05800437440214;
 182.2794430146476]

image number: 32
rvecs_PNP[-0.0007755982358900182, 0.874624659588297, 0.4848000652716875;
 -0.9942360329698069, -0.05265017681311437, 0.09339523342231767;
 0.107210583394728, -0.481933256500943, 0.8696241872708917]
tvecs_PNP[-76.16284101254206;
 42.6639225638303;
 189.2429100797683]

image number: 33
rvecs_PNP[0.01046237526954884, 0.9984258873058767, -0.05510250685034149;
 -0.9940021365619192, 0.004385327060529861, -0.1092726929150741;
 -0.1088590428676416, 0.05591526145914891, 0.9924833461181584]
tvecs_PNP[-71.68016141381068;
 35.41106865339083;
 169.2271085133395]

image number: 34
rvecs_PNP[0.01245636534342104, 0.7699165658512195, 0.6380229781052529;
 -0.9949993031486541, 0.07278311191608075, -0.06840325543059866;
 -0.09910209733463604, -0.6339803626672328, 0.7669730595374262]
tvecs_PNP[-66.07753466509295;
 30.70765821430065;
 244.368959606116]

image number: 35
rvecs_PNP[0.0016282543600027, 0.9937781657793756, -0.1113656410564726;
 -0.9986351871245556, -0.004197672350257728, -0.05205902979833508;
 -0.05220260361747477, 0.1112984131379232, 0.992415009665078]
tvecs_PNP[-76.05385997430425;
 47.39758143775862;
 135.1697554943283]

image number: 36
rvecs_PNP[-0.08770631853736441, 0.9164191791350004, 0.3904913440809598;
 -0.9210501139704922, 0.07471243913620272, -0.3822103334464712;
 -0.3794394408117925, -0.3931843582237872, 0.8375152364014539]
tvecs_PNP[-76.36381773674852;
 43.2709992822471;
 253.3980463900281]

image number: 37
rvecs_PNP[-0.03241242647836795, 0.9864336977838192, 0.1609285384458752;
 -0.8971750508839308, 0.04224574886729558, -0.4396501163130264;
 -0.4404842365865101, -0.1586311967400565, 0.8836344157736371]
tvecs_PNP[-73.1677738936207;
 39.53174540220968;
 233.7230701342416]

image number: 38
rvecs_PNP[-0.03980877579858383, 0.9991841492861612, 0.006804203458788294;
 -0.8489606780316604, -0.03023091530788244, -0.5275906167812986;
 -0.5269544843014827, -0.0267792377587216, 0.8494715085861448]
tvecs_PNP[-41.73320776852341;
 32.98752505566254;
 204.4396221084412]

image number: 39
rvecs_PNP[0.057503227064228, 0.9756039398671229, -0.2118733852869372;
 -0.8400865379155295, -0.06737726669626368, -0.5382517187577203;
 -0.5393959470466007, 0.2089431895235824, 0.8157173259539195]
tvecs_PNP[-62.17137885674029;
 43.0332344234123;
 196.1824043998274]

image number: 40
rvecs_PNP[0.236500855359271, 0.8916420411353986, -0.3860593424516929;
 -0.8604768377903326, 0.007662886824876003, -0.5094319304792928;
 -0.4512725972632098, 0.4526762094979252, 0.7690496032857098]
tvecs_PNP[-63.11009236530279;
 50.36168936452231;
 177.2453844782089]

